LINESTRING (9.9799757 53.5824114, 9.9799836 53.5824335)
1.1951257983255914e-08
LINESTRING (10.0494548 53.5792399, 10.0494704 53.5792969)
4.331369574117616e-08
LINESTRING (10.0458199 53.588491, 10.0459575 53.5884839)
-3.805769202003262e-07
LINESTRING (10.0589875 53.5508205, 10.0589712 53.5509031)
2.8178995137295715e-08
LINESTRING (10.0131489 53.5003105, 10.0131904 53.5003097, 10.0132297 53.5003177, 10.0132617 53.5003335, 10.013282 53.500355, 10.0132882 53.5003764, 10.0132828 53.5003979, 10.0132662 53.5004173, 10.0132403 53.5004326, 10.0132075 53.5004423, 10.0131669 53.5004453, 10.0131272 53.5004396, 10.0130933 53.5004259, 10.0130696 53.5004061, 10.0130592 53.5003826, 10.0130633 53.5003583, 10.0130814 53.5003365, 10.0131112 53.5003199, 10.0131489 53.5003105)
0.0
LINESTRING (9.9938907 53.5795936, 9.9939225 53.5795892, 9.9939551 53.5795884, 9.9939873 53.5795915, 9.9940179 53.5795981)
-0.038530676144273635
LINESTRING (9.9558207 53.5850499, 9.9558584 53.5851174)
2.95226177726704e-07
LINESTRING (9.9556033 53.5497152, 9.9556469 53.5497943)
3.9428444154054887e-07
LINESTRING (9.9632783 53.5734176, 9.9632493 53.5734241, 9.9631915 53.5734355)
0.011578047579457351
LINESTRING (10.061516 53.5603412, 10.0615033 53.5604172)
1.2514499658777822e-08
LINESTRING (10.046663 53.5884893, 10.0467869 53.5884795)
-4.7052792950808e-07
LINESTRING (10.0431621 53.5560423, 10.04321 53.5560835)
4.324596045712781e-07
LINESTRING (10.0322784 53.5798106, 10.0322728 53.5798749)
-1.2471430999028144e-08
LINESTRING (9.9703347 53.5512772, 9.9703861 53.5513392)
5.33668025770595e-07
LINESTRING (9.9938434 53.4653005, 9.9938148 53.4652238)
-1.585662108283259e-07
LINESTRING (9.9668279 53.5725698, 9.9666913 53.5726024)
1.6123771899856365e-06
LINESTRING (10.1407984 53.6288059, 10.1409147 53.6288202)
6.365674005692767e-07
LINESTRING (10.032576 53.5914006, 10.0325939 53.5913402)
-5.610907649611363e-08
LINESTRING (9.969523 53.5459377, 9.9695767 53.5460209)
5.931485498322786e-07
LINESTRING (9.999973 53.4992616, 9.9999421 53.4992437)
-1.545306154149273e-07
LINESTRING (10.0132227 53.5004686, 10.0132075 53.5004423)
-4.7660128510429445e-08
LINESTRING (9.9711173 53.5678344, 9.9711784 53.5678573, 9.971242 53.5678812)
-0.0010352029635321003
LINESTRING (10.0650147 53.5539353, 10.0651202 53.5539221)
-5.32493817040347e-07
LINESTRING (9.9990469 53.4559407, 9.9991349 53.4560136)
1.4414430253850696e-06
LINESTRING (10.0424264 53.5554811, 10.0425213 53.5555075)
8.84353245300673e-07
LINESTRING (10.0466432 53.5829784, 10.0465477 53.5830218)
1.2827557411831947e-06
LINESTRING (10.0532619 53.5570301, 10.053266 53.5571058)
-1.990963749420871e-08
LINESTRING (9.9622697 53.5736114, 9.9622301 53.5736214)
1.4176328289039475e-07
LINESTRING (10.0320756 53.5798985, 10.0320752 53.5798397)
1.5292947797007628e-08
LINESTRING (10.3002612 53.4345385, 10.3003331 53.4346071)
1.0002467760727995e-06
LINESTRING (10.0988716 53.5888876, 10.0989067 53.5888132)
-2.509574867914921e-07
LINESTRING (9.9875954 53.4519135, 9.9876156 53.4519937)
6.551992992598343e-08
LINESTRING (10.0412435 53.5797993, 10.0411884 53.579827)
4.536304336610897e-07
LINESTRING (10.1497818 53.5274921, 10.1497597 53.5274841, 10.1497398 53.5274744)
-0.04606328597896536
LINESTRING (9.9545571 53.5695332, 9.9545435 53.5694573)
-1.6071467712208687e-08
LINESTRING (10.0435953 53.5888509, 10.0434897 53.588867)
6.434073833716525e-07
LINESTRING (10.040592 53.5800007, 10.0406586 53.5799325)
-8.71813549352396e-07
LINESTRING (10.1247144 53.5861133, 10.1247173 53.586036)
2.3824146211381958e-08
LINESTRING (10.0567972 53.5657118, 10.0568562 53.565722, 10.0569129 53.5657263)
0.04109058268406107
LINESTRING (10.045894 53.5882283, 10.0458829 53.5882607)
2.2377482089552814e-08
LINESTRING (10.0662103 53.5639362, 10.0661491 53.5639952)
7.288297325658277e-07
LINESTRING (10.0979947 53.5936331, 10.0979795 53.5936417, 10.0979628 53.5936494, 10.0979449 53.5936559, 10.0979259 53.5936614, 10.097906 53.5936656, 10.0978856 53.5936686, 10.0978647 53.5936702, 10.0978436 53.5936706, 10.0978226 53.5936697, 10.0978018 53.5936675, 10.0977816 53.593664, 10.0977621 53.5936593, 10.0977435 53.5936534, 10.097726 53.5936464, 10.0977093 53.5936379, 10.0976941 53.5936285, 10.0976808 53.5936181, 10.0976694 53.5936069, 10.0976602 53.5935951, 10.0976532 53.5935827, 10.0976485 53.59357, 10.0976462 53.593557, 10.097646 53.5935475, 10.097647 53.593538, 10.0976507 53.5935248, 10.0976568 53.5935118, 10.0976654 53.5934994, 10.0976762 53.5934876, 10.0976892 53.5934766, 10.0977042 53.5934665, 10.097721 53.5934575, 10.0977394 53.5934496, 10.0977586 53.5934432, 10.0977788 53.5934381, 10.0977998 53.5934343, 10.0978215 53.5934319, 10.0978434 53.5934309, 10.0978643 53.5934313, 10.097885 53.5934329, 10.0979054 53.5934358, 10.0979251 53.59344, 10.097944 53.5934453, 10.0979618 53.5934517, 10.0979785 53.5934593, 10.0979937 53.5934678, 10.0980074 53.5934771, 10.0980193 53.5934873, 10.0980295 53.5934982, 10.0980373 53.593509, 10.0980433 53.5935203, 10.0980474 53.5935318, 10.0980496 53.5935436, 10.0980498 53.5935554, 10.098048 53.5935671, 10.0980444 53.5935787, 10.0980384 53.5935907, 10.0980303 53.5936023, 10.0980203 53.5936133, 10.0980084 53.5936236, 10.0979947 53.5936331)
0.0
LINESTRING (10.0516324 53.5863421, 10.0516906 53.5863011)
-5.988118485511507e-07
LINESTRING (9.986729 53.451807, 9.9868634 53.4518007)
-3.293709252005783e-07
LINESTRING (9.9712868 53.5711746, 9.9713562 53.5711309)
-8.085608467212069e-07
LINESTRING (9.9783518 53.5720715, 9.9784429 53.5721213)
1.2974360377171479e-06
LINESTRING (9.9939829 53.4652234, 9.9940165 53.4653035)
2.241310346207115e-07
LINESTRING (9.9695409 53.5764801, 9.9695892 53.5764781, 9.9696359 53.5764859, 9.9696755 53.5765024, 9.9697047 53.5765273, 9.9697172 53.5765568, 9.9697114 53.576587, 9.969688 53.576614, 9.9696515 53.5766339, 9.9696057 53.5766452, 9.9695563 53.5766465, 9.969509 53.5766376, 9.9694697 53.5766198, 9.9694431 53.576595, 9.9694323 53.5765664, 9.9694385 53.5765373, 9.9694612 53.5765112, 9.9694965 53.5764916, 9.9695409 53.5764801)
0.0
LINESTRING (9.9971384 53.4571793, 9.9970958 53.4571208)
-3.7326905211187977e-07
LINESTRING (10.0028392 53.5872169, 10.0028668 53.5872419)
1.438261232333815e-07
LINESTRING (9.9885535 53.5812861, 9.9886605 53.5812875, 9.9887272 53.5812931, 9.9888213 53.5813074, 9.9888752 53.5813193, 9.9889274 53.5813337, 9.9889775 53.5813504, 9.9890253 53.5813695, 9.9890704 53.5813907, 9.9891339 53.5814271, 9.9891896 53.5814677, 9.9892353 53.5815106, 9.9892724 53.5815564, 9.9893002 53.5816044, 9.9893185 53.581654, 9.989327 53.5817045, 9.9893256 53.5817553, 9.9893199 53.5817803, 9.9893142 53.5818056, 9.9892931 53.5818548, 9.9892511 53.5819166, 9.9892234 53.5819468, 9.9891917 53.5819756, 9.9891271 53.5820223, 9.9890523 53.5820633, 9.9889687 53.5820978, 9.9888778 53.5821251, 9.9887815 53.5821447, 9.9886816 53.5821563, 9.9885941 53.5821595, 9.9885066 53.5821566, 9.9884235 53.582148, 9.9883426 53.5821338, 9.9882535 53.5821107, 9.9881704 53.5820809, 9.9880763 53.5820331, 9.9880586 53.582024, 9.9880252 53.5820017, 9.9879535 53.5819382, 9.987898 53.581869, 9.9878725 53.5818161, 9.9878584 53.5817618, 9.9878575 53.581742, 9.9878559 53.5817068, 9.9878651 53.5816521, 9.9878858 53.5815985, 9.987906 53.5815635, 9.9879311 53.5815296, 9.987961 53.5814971, 9.9879953 53.5814663, 9.9880442 53.5814304, 9.9880991 53.5813977, 9.9881596 53.5813687, 9.9882249 53.5813436, 9.9882942 53.5813228, 9.9883669 53.5813064, 9.9884421 53.5812946, 9.9885189 53.5812877, 9.9885535 53.5812861)
0.0
LINESTRING (9.9785242 53.5723311, 9.9784759 53.5723109)
-3.108020552033963e-07
LINESTRING (9.9637047 53.5692201, 9.963641 53.5693006)
8.258850936471163e-07
LINESTRING (10.1211583 53.5991503, 10.1212599 53.5991253)
-9.162025249587202e-07
LINESTRING (10.0422872 53.5553671, 10.0423797 53.555365, 10.0424359 53.5553637)
-4.1459210952332626e-05
LINESTRING (10.0569129 53.5657263, 10.0569903 53.5657232, 10.0570525 53.5657129)
-0.0471740468161439
LINESTRING (10.141042 53.6291341, 10.140948 53.6291785)
1.2738179657745263e-06
LINESTRING (9.906902 53.618122, 9.9070019 53.6180592)
-1.672734367019757e-06
LINESTRING (10.0079256 53.4964863, 10.0077999 53.4965124)
1.2088541012644782e-06
LINESTRING (10.057318 53.5655156, 10.0573342 53.5654439)
-3.540596527074058e-08
LINESTRING (9.9957233 53.5837888, 9.9958338 53.5838346)
1.6185359674736333e-06
LINESTRING (9.9538878 53.5457543, 9.9538094 53.5456877)
-1.1535984265620414e-06
LINESTRING (9.9795046 53.5724359, 9.9793981 53.5724388)
1.2034768914759297e-07
LINESTRING (9.9693971 53.5460394, 9.9693443 53.5459725)
-5.662358919522603e-07
LINESTRING (10.1949677 53.6053688, 10.1949551 53.6053805)
3.121886549273256e-08
LINESTRING (10.046461 53.5874439, 10.0464677 53.5874601, 10.0464715 53.5874796, 10.0464687 53.5875017, 10.0464625 53.5875161)
0.00330466123015416
LINESTRING (10.149709 53.527345, 10.1497329 53.5273259)
-1.0608623313146381e-07
LINESTRING (9.9845495 53.4587524, 9.9845336 53.458823)
3.493470090987216e-08
LINESTRING (10.1495 53.5242074, 10.1495646 53.5242213)
3.2905532831861706e-07
LINESTRING (10.0495879 53.587887, 10.0495457 53.5878066)
-3.6464746244746493e-07
LINESTRING (10.2104478 53.4994324, 10.2104205 53.499371)
-1.5128015817822416e-07
LINESTRING (10.1933345 53.6096226, 10.1934553 53.6096599)
1.5590808777332654e-06
LINESTRING (9.9713562 53.5711309, 9.9714532 53.5710627)
-1.654004369910922e-06
LINESTRING (9.9562833 53.549687, 9.9563526 53.5496888)
4.850904566922054e-08
LINESTRING (9.9946481 53.5834755, 9.994601 53.5834646)
-1.8656322153809413e-07
LINESTRING (9.9786349 53.5723664, 9.9785242 53.5723311)
-1.3435963124308614e-06
LINESTRING (10.0544133 53.5836789, 10.0543327 53.5837527)
1.2435150971157327e-06
LINESTRING (9.9538192 53.5455815, 9.9538993 53.5455952)
4.1163311514935685e-07
LINESTRING (9.9983461 53.4636749, 9.9984489 53.4636899)
5.839643333338529e-07
LINESTRING (9.8618627 53.6071671, 9.861856 53.6071936, 9.8618358 53.6072198, 9.861803 53.607241, 9.8617608 53.6072552, 9.8617157 53.6072609, 9.8616698 53.6072585, 9.8616307 53.6072494, 9.8615971 53.6072345, 9.8615714 53.6072148, 9.8615555 53.6071918, 9.8615506 53.6071677, 9.8615564 53.6071437, 9.8615726 53.6071214, 9.861598 53.6071024, 9.8616336 53.6070863, 9.8616689 53.6070791, 9.8617145 53.6070765, 9.8617594 53.607082, 9.8617997 53.6070949, 9.8618318 53.6071143, 9.8618531 53.6071383, 9.8618627 53.6071671)
0.0
LINESTRING (9.9752655 53.5886809, 9.9753836 53.5887287)
1.8184355612405056e-06
LINESTRING (10.0504482 53.5598213, 10.0505618 53.559861)
1.5150753798209848e-06
LINESTRING (10.0430664 53.5899897, 10.0430276 53.5899214)
-3.113029833912151e-07
LINESTRING (9.9708452 53.5677843, 9.9707357 53.5677597)
-9.832670775367092e-07
LINESTRING (9.9469795 53.5512142, 9.9469972 53.5512049, 9.9470167 53.5511969)
0.038728898933124256
LINESTRING (10.2098134 53.4975542, 10.2097848 53.497502)
-1.670385674223951e-07
LINESTRING (10.0469298 53.5585065, 10.0468132 53.5584572)
-1.8221099153947762e-06
LINESTRING (9.9555791 53.549673, 9.9556033 53.5497152)
1.1942065958336912e-07
LINESTRING (9.9845336 53.458823, 9.9845142 53.458909)
5.235357036781352e-08
LINESTRING (10.0440426 53.591549, 10.0440109 53.5914782)
-2.0267652001138003e-07
LINESTRING (10.1248732 53.5860877, 10.1248753 53.5861638)
-2.707146418146067e-08
LINESTRING (10.0571193 53.5641527, 10.0572132 53.5642225)
1.581984545140358e-06
LINESTRING (9.9917544 53.5895963, 9.9917615 53.5896196)
1.0457341437231094e-08
LINESTRING (10.1213533 53.5950885, 10.121375 53.5950919, 10.1213958 53.5950969, 10.1214155 53.5951034, 10.1214337 53.5951113, 10.1214501 53.5951204, 10.1214646 53.5951306, 10.1214768 53.5951418, 10.1214861 53.595153, 10.1214932 53.5951647, 10.121498 53.5951769, 10.1215004 53.5951893, 10.1215004 53.5952018, 10.1214981 53.5952142, 10.1214931 53.5952267, 10.1214858 53.5952387, 10.1214762 53.5952502, 10.1214643 53.5952609, 10.1214504 53.5952707, 10.1214347 53.5952795, 10.1214173 53.5952872, 10.1213986 53.5952935, 10.1213787 53.5952986, 10.121358 53.5953022, 10.1213367 53.5953043, 10.1213152 53.595305, 10.1212936 53.5953042, 10.1212719 53.5953018, 10.1212508 53.5952978, 10.1212307 53.5952924, 10.1212118 53.5952857, 10.1211944 53.5952776, 10.1211788 53.5952683, 10.1211651 53.595258, 10.1211536 53.5952469, 10.1211445 53.5952349, 10.1211378 53.5952224, 10.1211337 53.5952095, 10.1211322 53.5951964, 10.1211334 53.5951833, 10.1211372 53.5951703, 10.1211436 53.5951578, 10.1211522 53.5951461, 10.1211631 53.595135, 10.121176 53.5951248, 10.1211909 53.5951156, 10.1212075 53.5951074, 10.1212256 53.5951005, 10.1212449 53.5950949, 10.1212652 53.5950906, 10.1212862 53.5950878, 10.1213085 53.5950864, 10.121331 53.5950866, 10.1213533 53.5950885)
0.0
LINESTRING (10.0574623 53.564511, 10.0573464 53.564509)
-9.04484811492523e-08
LINESTRING (9.9785076 53.5710526, 9.9783815 53.5710987)
1.930893031243386e-06
LINESTRING (10.1498566 53.5271253, 10.1498556 53.5270908)
6.457496315448452e-09
LINESTRING (9.9546635 53.5695217, 9.9545571 53.5695332)
4.705976945906798e-07
LINESTRING (10.0458199 53.588491, 10.0457982 53.588579)
7.584755934431087e-08
LINESTRING (10.0404273 53.5555595, 10.0402844 53.5555498)
-5.376471712281727e-07
LINESTRING (10.207007 53.4950889, 10.2069176 53.4950263)
-1.4022662044865797e-06
LINESTRING (10.138865 53.6270036, 10.138843 53.6269834)
-9.330976102894795e-08
LINESTRING (9.9082747 53.6204372, 9.9081278 53.6204459)
4.971746854209869e-07
LINESTRING (10.0571709 53.5801613, 10.0571244 53.5802359)
4.490550633562407e-07
LINESTRING (10.0613689 53.5602342, 10.0613762 53.560154)
1.7122784079504072e-08
LINESTRING (10.1388966 53.6270316, 10.138865 53.6270036)
-1.894923287171224e-07
LINESTRING (10.005079 53.5059915, 10.00507 53.5059914)
-1.8703499859995532e-10
LINESTRING (9.999973 53.4992616, 10.0000464 53.4993005)
8.281964687384402e-07
LINESTRING (9.9884601 53.5855407, 9.9884234 53.5855438, 9.9883866 53.5855411, 9.9883489 53.5855313, 9.9883177 53.5855153, 9.988296 53.5854946, 9.9882855 53.585471, 9.9882873 53.5854463, 9.9883015 53.5854231, 9.9883268 53.5854035, 9.9883544 53.5853912, 9.9883863 53.5853834, 9.9884204 53.5853806, 9.98846 53.5853838, 9.9884964 53.5853935, 9.9885266 53.5854091, 9.9885479 53.5854292, 9.9885586 53.585452, 9.9885578 53.5854757, 9.9885459 53.5854978, 9.9885241 53.585517, 9.988494 53.5855318, 9.9884601 53.5855407)
0.0
LINESTRING (10.0572824 53.5799618, 10.0572531 53.5800201)
1.7482205638685855e-07
LINESTRING (10.0679023 53.5534655, 10.0677837 53.5534964)
1.3093388773199877e-06
LINESTRING (9.9471625 53.5513964, 9.9471413 53.5513993, 9.9471197 53.5514006, 9.947098 53.5514005, 9.9470764 53.5513988, 9.9470553 53.5513957, 9.947035 53.551391)
-0.04372855526899677
LINESTRING (10.0670058 53.5630217, 10.0671359 53.5630646)
1.9037170027047523e-06
LINESTRING (10.2116634 53.503984, 10.2116764 53.5039733, 10.2116914 53.5039635, 10.2117082 53.5039549, 10.2117266 53.5039476, 10.2117463 53.5039415, 10.2117671 53.503937, 10.2117887 53.5039339, 10.2118107 53.5039323, 10.2118329 53.5039323, 10.2118549 53.5039339, 10.2118765 53.503937, 10.2118973 53.5039416, 10.211917 53.5039476, 10.2119354 53.503955, 10.2119522 53.5039636, 10.2119671 53.5039734, 10.2119801 53.5039841, 10.2119907 53.5039957, 10.211999 53.5040079, 10.2120049 53.5040206, 10.2120081 53.5040336, 10.2120088 53.5040468, 10.2120068 53.5040599, 10.2120022 53.5040728, 10.2119951 53.5040853, 10.2119856 53.5040972, 10.211974 53.5041081, 10.2119604 53.5041182, 10.211945 53.5041272, 10.2119279 53.5041351, 10.2119094 53.5041418, 10.2118897 53.5041472, 10.2118691 53.5041511, 10.2118478 53.5041537, 10.2118262 53.5041547, 10.2118046 53.5041543, 10.2117832 53.5041524, 10.2117623 53.504149, 10.2117421 53.5041442, 10.2117231 53.5041381, 10.2117054 53.5041307, 10.2116909 53.5041231, 10.2116779 53.5041147, 10.2116663 53.5041055, 10.2116564 53.5040957, 10.2116483 53.5040853, 10.2116411 53.5040728, 10.2116366 53.5040599, 10.2116346 53.5040467, 10.2116353 53.5040336, 10.2116385 53.5040205, 10.2116444 53.5040078, 10.2116527 53.5039955, 10.2116634 53.503984)
0.0
LINESTRING (9.9694697 53.5766198, 9.9693729 53.5766794)
1.5546652774034442e-06
LINESTRING (10.0574014 53.564438, 10.0574623 53.564511)
7.513913589107801e-07
LINESTRING (9.9552342 53.5496643, 9.9553796 53.5496665)
1.2493448853234668e-07
LINESTRING (10.0420563 53.588531, 10.0419979 53.5884815)
-6.400124439309707e-07
LINESTRING (10.0573464 53.564509, 10.0574014 53.564438)
-6.19046784500199e-07
LINESTRING (9.9882756 53.585017, 9.9882777 53.5849881)
3.07039704772194e-09
LINESTRING (9.9894531 53.4657747, 9.9895337 53.4657732, 9.9895825 53.4657745)
0.0007628779347887971
LINESTRING (9.9976664 53.578645, 9.9977313 53.5787025)
8.007892389194637e-07
LINESTRING (10.1223047 53.5962114, 10.122326 53.5962306)
8.666191053663397e-08
LINESTRING (10.0465079 53.5829853, 10.0465477 53.5830218)
3.0448045240660804e-07
LINESTRING (10.0615547 53.5601282, 10.0615382 53.5602108)
2.994834513714295e-08
LINESTRING (10.3100959 53.4437099, 10.3101102 53.443777)
2.6505496020234887e-08
LINESTRING (9.9531761 53.5463597, 9.9530725 53.5464245)
1.7941493908324446e-06
LINESTRING (9.9707357 53.5677597, 9.9706004 53.5677247)
-1.6947872838457556e-06
LINESTRING (10.0613438 53.5604377, 10.0613493 53.5603629)
1.970028939979329e-08
LINESTRING (10.0653372 53.5540416, 10.0652803 53.5540441)
5.565365479576201e-08
LINESTRING (9.9626079 53.5735088, 9.9626723 53.5734909)
-4.076234265681933e-07
LINESTRING (10.0588244 53.5509184, 10.0588477 53.5508331)
-9.352480656588114e-08
LINESTRING (9.9635406 53.5694086, 9.9634599 53.5694832)
1.2535745081976302e-06
LINESTRING (10.0534557 53.5571482, 10.0534813 53.5571761, 10.0534927 53.5572078, 10.0534883 53.5572401, 10.0534684 53.5572703, 10.0534347 53.5572959, 10.0533902 53.5573146, 10.0533384 53.5573249, 10.0532747 53.5573252, 10.0532145 53.5573128, 10.0531647 53.5572892, 10.053131 53.5572571, 10.053118 53.5572257, 10.0531207 53.5571933, 10.053139 53.5571627, 10.0531713 53.5571366, 10.0532148 53.5571171, 10.053266 53.5571058, 10.0533192 53.5571037, 10.0533713 53.5571105, 10.0534181 53.5571258, 10.0534557 53.5571482)
0.0
LINESTRING (10.0324469 53.5797541, 10.0325618 53.5797812)
1.128178741538477e-06
LINESTRING (10.1757204 53.606902, 10.1755939 53.6069064)
2.1745666156647303e-07
LINESTRING (10.1362466 53.6348935, 10.1362293 53.6349249)
6.02670624516577e-08
LINESTRING (9.9885388 53.4572947, 9.988475 53.4572845)
-2.43734185723099e-07
LINESTRING (9.9554281 53.549866, 9.9554125 53.5497813)
-2.2334718963179512e-08
LINESTRING (9.9697797 53.5500378, 9.9698748 53.5500421)
1.5910937367635825e-07
LINESTRING (9.9707397 53.5676383, 9.9708169 53.5676643)
6.814392623510912e-07
LINESTRING (10.3036314 53.440769, 10.3036541 53.4407674, 10.3036769 53.4407674, 10.3036996 53.4407689, 10.3037219 53.4407719, 10.3037422 53.440776, 10.3037618 53.4407814, 10.3037803 53.440788, 10.3037975 53.4407957, 10.3038133 53.4408044, 10.3038274 53.440814, 10.3038398 53.4408245, 10.3038503 53.4408357, 10.3038588 53.4408475, 10.3038652 53.4408597, 10.3038692 53.4408719, 10.3038712 53.4408843, 10.3038711 53.4408967, 10.3038688 53.4409091, 10.3038645 53.4409213, 10.3038571 53.4409345, 10.3038473 53.4409472, 10.3038351 53.4409592, 10.3038207 53.4409702, 10.3038042 53.4409802, 10.303786 53.440989, 10.3037662 53.4409966, 10.3037451 53.4410027, 10.303723 53.4410073, 10.3037017 53.4410103, 10.30368 53.4410119, 10.3036582 53.4410121, 10.3036364 53.4410109, 10.303615 53.4410084, 10.3035941 53.4410045, 10.3035732 53.440999, 10.3035534 53.4409922, 10.303535 53.4409842, 10.3035182 53.440975, 10.3035033 53.4409647, 10.3034903 53.4409535, 10.3034795 53.4409415, 10.303471 53.4409289, 10.3034649 53.4409158, 10.3034616 53.4409039, 10.3034603 53.440892, 10.3034609 53.44088, 10.3034634 53.4408681, 10.3034679 53.4408565, 10.3034743 53.4408451, 10.3034826 53.4408342, 10.3034926 53.4408238, 10.303505 53.4408134, 10.3035192 53.4408038, 10.303535 53.4407952, 10.3035522 53.4407876, 10.3035707 53.4407811, 10.3035902 53.4407758, 10.3036105 53.4407718, 10.3036314 53.440769)
0.0
LINESTRING (10.2106989 53.503975, 10.2106853 53.503984, 10.2106701 53.503992, 10.2106535 53.503999, 10.2106356 53.5040048, 10.2106168 53.5040094, 10.2105973 53.5040127, 10.2105772 53.5040146, 10.2105569 53.5040153, 10.2105366 53.5040146, 10.2105166 53.5040125, 10.2104971 53.5040091, 10.2104783 53.5040044, 10.2104606 53.5039985, 10.210444 53.5039915, 10.2104289 53.5039834, 10.2104155 53.5039744, 10.2104038 53.5039645, 10.210394 53.5039539, 10.2103863 53.5039427, 10.2103807 53.5039311, 10.2103774 53.5039191, 10.2103763 53.5039071, 10.2103775 53.503895, 10.210381 53.5038831, 10.2103867 53.5038715, 10.2103946 53.5038603, 10.2104045 53.5038498, 10.2104163 53.5038399, 10.2104299 53.503831, 10.2104451 53.5038229, 10.2104617 53.503816, 10.2104795 53.5038102, 10.2104983 53.5038056, 10.2105179 53.5038023, 10.2105379 53.5038003, 10.2105582 53.5037997, 10.2105785 53.5038004, 10.2105986 53.5038025, 10.2106181 53.5038058, 10.2106368 53.5038105, 10.2106546 53.5038164, 10.2106711 53.5038234, 10.2106862 53.5038315, 10.2106997 53.5038406, 10.2107114 53.5038504, 10.2107212 53.5038611, 10.2107289 53.5038722, 10.2107344 53.5038839, 10.2107378 53.5038958, 10.2107388 53.5039079, 10.2107376 53.5039199, 10.2107341 53.5039318, 10.2107284 53.5039434, 10.2107206 53.5039546, 10.2107107 53.5039652, 10.2106989 53.503975)
0.0
LINESTRING (10.0579588 53.5643367, 10.0578431 53.5643892)
1.881330538466841e-06
LINESTRING (10.2094959 53.5129163, 10.2096408 53.5129311)
8.246892964081098e-07
LINESTRING (9.9816994 53.4583827, 9.9817344 53.458391, 9.9817684 53.4583949)
0.04183686902415884
