LINESTRING (9.9940654 53.5797581, 9.9940457 53.5797684, 9.9940237 53.5797766, 9.9939997 53.5797828, 9.9939744 53.5797867)
LINESTRING (10.0463679 53.5864689, 10.0463957 53.5864723, 10.0464223 53.5864781, 10.0464472 53.5864862, 10.0464698 53.5864964, 10.0464896 53.5865085)
LINESTRING (10.1944979 53.605162, 10.1945113 53.6051539, 10.1945257 53.6051464, 10.1945408 53.6051394, 10.1945567 53.605133, 10.1945732 53.6051273)
LINESTRING (10.0131489 53.5003105, 10.0131904 53.5003097, 10.0132297 53.5003177, 10.0132617 53.5003335, 10.013282 53.500355, 10.0132882 53.5003764, 10.0132828 53.5003979, 10.0132662 53.5004173, 10.0132403 53.5004326, 10.0132075 53.5004423, 10.0131669 53.5004453, 10.0131272 53.5004396, 10.0130933 53.5004259, 10.0130696 53.5004061, 10.0130592 53.5003826, 10.0130633 53.5003583, 10.0130814 53.5003365, 10.0131112 53.5003199, 10.0131489 53.5003105)
LINESTRING (10.0463653 53.5873787, 10.0463945 53.5873896, 10.0464201 53.5874035, 10.0464411 53.5874197, 10.046457 53.5874379, 10.046461 53.5874439)
LINESTRING (9.9938907 53.5795936, 9.9939225 53.5795892, 9.9939551 53.5795884, 9.9939873 53.5795915, 9.9940179 53.5795981)
LINESTRING (10.1497792 53.5296559, 10.1497928 53.5296454, 10.1498084 53.5296359, 10.1498257 53.5296275)
LINESTRING (10.0463049 53.5866917, 10.0462736 53.5866862, 10.0462443 53.5866776, 10.0462179 53.5866661, 10.0461952 53.5866523)
LINESTRING (10.1497818 53.5274921, 10.1497597 53.5274841, 10.1497398 53.5274744)
LINESTRING (9.9937723 53.5831219, 9.9938069 53.5831184, 9.9938419 53.5831195, 9.9938757 53.5831252, 9.9939066 53.5831351)
LINESTRING (10.0979947 53.5936331, 10.0979795 53.5936417, 10.0979628 53.5936494, 10.0979449 53.5936559, 10.0979259 53.5936614, 10.097906 53.5936656, 10.0978856 53.5936686, 10.0978647 53.5936702, 10.0978436 53.5936706, 10.0978226 53.5936697, 10.0978018 53.5936675, 10.0977816 53.593664, 10.0977621 53.5936593, 10.0977435 53.5936534, 10.097726 53.5936464, 10.0977093 53.5936379, 10.0976941 53.5936285, 10.0976808 53.5936181, 10.0976694 53.5936069, 10.0976602 53.5935951, 10.0976532 53.5935827, 10.0976485 53.59357, 10.0976462 53.593557, 10.097646 53.5935475, 10.097647 53.593538, 10.0976507 53.5935248, 10.0976568 53.5935118, 10.0976654 53.5934994, 10.0976762 53.5934876, 10.0976892 53.5934766, 10.0977042 53.5934665, 10.097721 53.5934575, 10.0977394 53.5934496, 10.0977586 53.5934432, 10.0977788 53.5934381, 10.0977998 53.5934343, 10.0978215 53.5934319, 10.0978434 53.5934309, 10.0978643 53.5934313, 10.097885 53.5934329, 10.0979054 53.5934358, 10.0979251 53.59344, 10.097944 53.5934453, 10.0979618 53.5934517, 10.0979785 53.5934593, 10.0979937 53.5934678, 10.0980074 53.5934771, 10.0980193 53.5934873, 10.0980295 53.5934982, 10.0980373 53.593509, 10.0980433 53.5935203, 10.0980474 53.5935318, 10.0980496 53.5935436, 10.0980498 53.5935554, 10.098048 53.5935671, 10.0980444 53.5935787, 10.0980384 53.5935907, 10.0980303 53.5936023, 10.0980203 53.5936133, 10.0980084 53.5936236, 10.0979947 53.5936331)
LINESTRING (9.9695409 53.5764801, 9.9695892 53.5764781, 9.9696359 53.5764859, 9.9696755 53.5765024, 9.9697047 53.5765273, 9.9697172 53.5765568, 9.9697114 53.576587, 9.969688 53.576614, 9.9696515 53.5766339, 9.9696057 53.5766452, 9.9695563 53.5766465, 9.969509 53.5766376, 9.9694697 53.5766198, 9.9694431 53.576595, 9.9694323 53.5765664, 9.9694385 53.5765373, 9.9694612 53.5765112, 9.9694965 53.5764916, 9.9695409 53.5764801)
LINESTRING (9.9885535 53.5812861, 9.9886605 53.5812875, 9.9887272 53.5812931, 9.9888213 53.5813074, 9.9888752 53.5813193, 9.9889274 53.5813337, 9.9889775 53.5813504, 9.9890253 53.5813695, 9.9890704 53.5813907, 9.9891339 53.5814271, 9.9891896 53.5814677, 9.9892353 53.5815106, 9.9892724 53.5815564, 9.9893002 53.5816044, 9.9893185 53.581654, 9.989327 53.5817045, 9.9893256 53.5817553, 9.9893199 53.5817803, 9.9893142 53.5818056, 9.9892931 53.5818548, 9.9892511 53.5819166, 9.9892234 53.5819468, 9.9891917 53.5819756, 9.9891271 53.5820223, 9.9890523 53.5820633, 9.9889687 53.5820978, 9.9888778 53.5821251, 9.9887815 53.5821447, 9.9886816 53.5821563, 9.9885941 53.5821595, 9.9885066 53.5821566, 9.9884235 53.582148, 9.9883426 53.5821338, 9.9882535 53.5821107, 9.9881704 53.5820809, 9.9880763 53.5820331, 9.9880586 53.582024, 9.9880252 53.5820017, 9.9879535 53.5819382, 9.987898 53.581869, 9.9878725 53.5818161, 9.9878584 53.5817618, 9.9878575 53.581742, 9.9878559 53.5817068, 9.9878651 53.5816521, 9.9878858 53.5815985, 9.987906 53.5815635, 9.9879311 53.5815296, 9.987961 53.5814971, 9.9879953 53.5814663, 9.9880442 53.5814304, 9.9880991 53.5813977, 9.9881596 53.5813687, 9.9882249 53.5813436, 9.9882942 53.5813228, 9.9883669 53.5813064, 9.9884421 53.5812946, 9.9885189 53.5812877, 9.9885535 53.5812861)
LINESTRING (10.0478372 53.5619293, 10.0478103 53.5619529, 10.0477866 53.5619683, 10.0477434 53.5619888)
LINESTRING (9.9817684 53.4583949, 9.9818211 53.458384, 9.9818587 53.4583612)
LINESTRING (10.046461 53.5874439, 10.0464677 53.5874601, 10.0464715 53.5874796, 10.0464687 53.5875017, 10.0464625 53.5875161)
LINESTRING (9.9936709 53.5831732, 9.9936886 53.5831557, 9.9937121 53.583141, 9.9937404 53.5831295, 9.9937723 53.5831219)
LINESTRING (9.9710717 53.5677979, 9.9710944 53.5678186, 9.9711173 53.5678344)
LINESTRING (9.9914871 53.5883853, 9.9915259 53.5884142, 9.9915642 53.5884493)
LINESTRING (10.0462212 53.5873706, 10.0462699 53.587366, 10.046319 53.5873688, 10.0463653 53.5873787)
LINESTRING (9.8618627 53.6071671, 9.861856 53.6071936, 9.8618358 53.6072198, 9.861803 53.607241, 9.8617608 53.6072552, 9.8617157 53.6072609, 9.8616698 53.6072585, 9.8616307 53.6072494, 9.8615971 53.6072345, 9.8615714 53.6072148, 9.8615555 53.6071918, 9.8615506 53.6071677, 9.8615564 53.6071437, 9.8615726 53.6071214, 9.861598 53.6071024, 9.8616336 53.6070863, 9.8616689 53.6070791, 9.8617145 53.6070765, 9.8617594 53.607082, 9.8617997 53.6070949, 9.8618318 53.6071143, 9.8618531 53.6071383, 9.8618627 53.6071671)
LINESTRING (9.9939755 53.583216, 9.993969 53.5832401, 9.9939523 53.5832625, 9.9939265 53.5832815)
LINESTRING (9.9469795 53.5512142, 9.9469972 53.5512049, 9.9470167 53.5511969)
LINESTRING (10.1213533 53.5950885, 10.121375 53.5950919, 10.1213958 53.5950969, 10.1214155 53.5951034, 10.1214337 53.5951113, 10.1214501 53.5951204, 10.1214646 53.5951306, 10.1214768 53.5951418, 10.1214861 53.595153, 10.1214932 53.5951647, 10.121498 53.5951769, 10.1215004 53.5951893, 10.1215004 53.5952018, 10.1214981 53.5952142, 10.1214931 53.5952267, 10.1214858 53.5952387, 10.1214762 53.5952502, 10.1214643 53.5952609, 10.1214504 53.5952707, 10.1214347 53.5952795, 10.1214173 53.5952872, 10.1213986 53.5952935, 10.1213787 53.5952986, 10.121358 53.5953022, 10.1213367 53.5953043, 10.1213152 53.595305, 10.1212936 53.5953042, 10.1212719 53.5953018, 10.1212508 53.5952978, 10.1212307 53.5952924, 10.1212118 53.5952857, 10.1211944 53.5952776, 10.1211788 53.5952683, 10.1211651 53.595258, 10.1211536 53.5952469, 10.1211445 53.5952349, 10.1211378 53.5952224, 10.1211337 53.5952095, 10.1211322 53.5951964, 10.1211334 53.5951833, 10.1211372 53.5951703, 10.1211436 53.5951578, 10.1211522 53.5951461, 10.1211631 53.595135, 10.121176 53.5951248, 10.1211909 53.5951156, 10.1212075 53.5951074, 10.1212256 53.5951005, 10.1212449 53.5950949, 10.1212652 53.5950906, 10.1212862 53.5950878, 10.1213085 53.5950864, 10.121331 53.5950866, 10.1213533 53.5950885)
LINESTRING (9.9939265 53.5832815, 9.9939003 53.5832937, 9.9938704 53.5833023)
LINESTRING (10.1949551 53.6053805, 10.1949421 53.6053907, 10.1949278 53.6054004, 10.1949124 53.6054094, 10.1948959 53.6054177, 10.1948784 53.6054253, 10.1948601 53.6054321)
LINESTRING (9.9884601 53.5855407, 9.9884234 53.5855438, 9.9883866 53.5855411, 9.9883489 53.5855313, 9.9883177 53.5855153, 9.988296 53.5854946, 9.9882855 53.585471, 9.9882873 53.5854463, 9.9883015 53.5854231, 9.9883268 53.5854035, 9.9883544 53.5853912, 9.9883863 53.5853834, 9.9884204 53.5853806, 9.98846 53.5853838, 9.9884964 53.5853935, 9.9885266 53.5854091, 9.9885479 53.5854292, 9.9885586 53.585452, 9.9885578 53.5854757, 9.9885459 53.5854978, 9.9885241 53.585517, 9.988494 53.5855318, 9.9884601 53.5855407)
LINESTRING (9.9471625 53.5513964, 9.9471413 53.5513993, 9.9471197 53.5514006, 9.947098 53.5514005, 9.9470764 53.5513988, 9.9470553 53.5513957, 9.947035 53.551391)
LINESTRING (10.0460418 53.5865744, 10.0461118 53.5865608, 10.0461656 53.5865404)
LINESTRING (10.2116634 53.503984, 10.2116764 53.5039733, 10.2116914 53.5039635, 10.2117082 53.5039549, 10.2117266 53.5039476, 10.2117463 53.5039415, 10.2117671 53.503937, 10.2117887 53.5039339, 10.2118107 53.5039323, 10.2118329 53.5039323, 10.2118549 53.5039339, 10.2118765 53.503937, 10.2118973 53.5039416, 10.211917 53.5039476, 10.2119354 53.503955, 10.2119522 53.5039636, 10.2119671 53.5039734, 10.2119801 53.5039841, 10.2119907 53.5039957, 10.211999 53.5040079, 10.2120049 53.5040206, 10.2120081 53.5040336, 10.2120088 53.5040468, 10.2120068 53.5040599, 10.2120022 53.5040728, 10.2119951 53.5040853, 10.2119856 53.5040972, 10.211974 53.5041081, 10.2119604 53.5041182, 10.211945 53.5041272, 10.2119279 53.5041351, 10.2119094 53.5041418, 10.2118897 53.5041472, 10.2118691 53.5041511, 10.2118478 53.5041537, 10.2118262 53.5041547, 10.2118046 53.5041543, 10.2117832 53.5041524, 10.2117623 53.504149, 10.2117421 53.5041442, 10.2117231 53.5041381, 10.2117054 53.5041307, 10.2116909 53.5041231, 10.2116779 53.5041147, 10.2116663 53.5041055, 10.2116564 53.5040957, 10.2116483 53.5040853, 10.2116411 53.5040728, 10.2116366 53.5040599, 10.2116346 53.5040467, 10.2116353 53.5040336, 10.2116385 53.5040205, 10.2116444 53.5040078, 10.2116527 53.5039955, 10.2116634 53.503984)
LINESTRING (9.9472665 53.5513501, 9.9472535 53.5513607, 9.9472385 53.5513704, 9.9472216 53.5513789, 9.9472031 53.5513861, 9.9471834 53.551392, 9.9471625 53.5513964)
LINESTRING (9.9564236 53.5497496, 9.9563818 53.5497314, 9.9563609 53.549713, 9.9563526 53.5496888)
LINESTRING (10.0534557 53.5571482, 10.0534813 53.5571761, 10.0534927 53.5572078, 10.0534883 53.5572401, 10.0534684 53.5572703, 10.0534347 53.5572959, 10.0533902 53.5573146, 10.0533384 53.5573249, 10.0532747 53.5573252, 10.0532145 53.5573128, 10.0531647 53.5572892, 10.053131 53.5572571, 10.053118 53.5572257, 10.0531207 53.5571933, 10.053139 53.5571627, 10.0531713 53.5571366, 10.0532148 53.5571171, 10.053266 53.5571058, 10.0533192 53.5571037, 10.0533713 53.5571105, 10.0534181 53.5571258, 10.0534557 53.5571482)
LINESTRING (9.9938704 53.5833023, 9.9938363 53.5833072, 9.9938012 53.5833076, 9.9937668 53.5833034, 9.9937348 53.5832949)
LINESTRING (9.9913985 53.5884161, 9.9913946 53.5884002, 9.9913978 53.588391, 9.9914056 53.5883828, 9.9914173 53.5883766, 9.9914317 53.5883727, 9.9914474 53.5883717, 9.9914629 53.5883736, 9.9914765 53.5883783, 9.9914871 53.5883853)
LINESTRING (10.0419923 53.5883074, 10.0420236 53.5883643, 10.042032 53.5883899)
LINESTRING (10.3036314 53.440769, 10.3036541 53.4407674, 10.3036769 53.4407674, 10.3036996 53.4407689, 10.3037219 53.4407719, 10.3037422 53.440776, 10.3037618 53.4407814, 10.3037803 53.440788, 10.3037975 53.4407957, 10.3038133 53.4408044, 10.3038274 53.440814, 10.3038398 53.4408245, 10.3038503 53.4408357, 10.3038588 53.4408475, 10.3038652 53.4408597, 10.3038692 53.4408719, 10.3038712 53.4408843, 10.3038711 53.4408967, 10.3038688 53.4409091, 10.3038645 53.4409213, 10.3038571 53.4409345, 10.3038473 53.4409472, 10.3038351 53.4409592, 10.3038207 53.4409702, 10.3038042 53.4409802, 10.303786 53.440989, 10.3037662 53.4409966, 10.3037451 53.4410027, 10.303723 53.4410073, 10.3037017 53.4410103, 10.30368 53.4410119, 10.3036582 53.4410121, 10.3036364 53.4410109, 10.303615 53.4410084, 10.3035941 53.4410045, 10.3035732 53.440999, 10.3035534 53.4409922, 10.303535 53.4409842, 10.3035182 53.440975, 10.3035033 53.4409647, 10.3034903 53.4409535, 10.3034795 53.4409415, 10.303471 53.4409289, 10.3034649 53.4409158, 10.3034616 53.4409039, 10.3034603 53.440892, 10.3034609 53.44088, 10.3034634 53.4408681, 10.3034679 53.4408565, 10.3034743 53.4408451, 10.3034826 53.4408342, 10.3034926 53.4408238, 10.303505 53.4408134, 10.3035192 53.4408038, 10.303535 53.4407952, 10.3035522 53.4407876, 10.3035707 53.4407811, 10.3035902 53.4407758, 10.3036105 53.4407718, 10.3036314 53.440769)
LINESTRING (10.2106989 53.503975, 10.2106853 53.503984, 10.2106701 53.503992, 10.2106535 53.503999, 10.2106356 53.5040048, 10.2106168 53.5040094, 10.2105973 53.5040127, 10.2105772 53.5040146, 10.2105569 53.5040153, 10.2105366 53.5040146, 10.2105166 53.5040125, 10.2104971 53.5040091, 10.2104783 53.5040044, 10.2104606 53.5039985, 10.210444 53.5039915, 10.2104289 53.5039834, 10.2104155 53.5039744, 10.2104038 53.5039645, 10.210394 53.5039539, 10.2103863 53.5039427, 10.2103807 53.5039311, 10.2103774 53.5039191, 10.2103763 53.5039071, 10.2103775 53.503895, 10.210381 53.5038831, 10.2103867 53.5038715, 10.2103946 53.5038603, 10.2104045 53.5038498, 10.2104163 53.5038399, 10.2104299 53.503831, 10.2104451 53.5038229, 10.2104617 53.503816, 10.2104795 53.5038102, 10.2104983 53.5038056, 10.2105179 53.5038023, 10.2105379 53.5038003, 10.2105582 53.5037997, 10.2105785 53.5038004, 10.2105986 53.5038025, 10.2106181 53.5038058, 10.2106368 53.5038105, 10.2106546 53.5038164, 10.2106711 53.5038234, 10.2106862 53.5038315, 10.2106997 53.5038406, 10.2107114 53.5038504, 10.2107212 53.5038611, 10.2107289 53.5038722, 10.2107344 53.5038839, 10.2107378 53.5038958, 10.2107388 53.5039079, 10.2107376 53.5039199, 10.2107341 53.5039318, 10.2107284 53.5039434, 10.2107206 53.5039546, 10.2107107 53.5039652, 10.2106989 53.503975)
LINESTRING (9.9816994 53.4583827, 9.9817344 53.458391, 9.9817684 53.4583949)
